if game:GetService("CoreGui"):FindFirstChild("NOOB HUB The Mimic") then
    game:GetService("CoreGui"):FindFirstChild("NOOB HUB The Mimic"):Destroy()
end
-- init
local library = loadstring(game:HttpGet("https://gist.githubusercontent.com/koio08199za/5121bfa15c12af9e0dc3ab23745213e5/raw/5e509dc9291b4250cec7f4af79d7c3229c9bac13/Test"))()
local venyx = library.new("NOOB HUB The Mimic", 5013109572)

-- themes
local themes = {
Glow = Color3.fromRGB(0, 165, 248),
TextColor = Color3.fromRGB(0, 183, 255)
}

local page = venyx:addPage("Menu", 5012544693)
local section1 = page:addSection("Credit: 03s.#4358")
local section1 = page:addSection("Discord Server : https://discord.gg/dY8rpSktyn")
section1:addButton("Copy Discord Server", function()
setclipboard("https://discordd.gg/dY8rpSktyn")
end)
section1:addButton("Destroy GUI", function()
local section1 = page:addSection("Discordt: 03s#4358")
    game:GetService("CoreGui"):FindFirstChild("NOOB HUB The Mimic"):Destroy()
end)
local page = venyx:addPage("The Mimic1", 5012544693)
local section1 = page:addSection("Cupter1")
section1:addButton("Go Cupter2", function()
game.Players.LocalPlayer.Character.HumanoidRootPart.CFrame = CFrame.new(3463.0864257813, 37.403381347656, -1536.4971923828)
end)
local section1 = page:addSection("Cupter2")
section1:addButton("END", function()
game.Players.LocalPlayer.Character.HumanoidRootPart.CFrame = CFrame.new(1254.8541259766, 199.54002380371, -2536.4521484375)
end)
local page = venyx:addPage("The Mimic2", 5012544693)
local section1 = page:addSection("Cupter1")
section1:addButton("Go Cupter2", function()
game.Players.LocalPlayer.Character.HumanoidRootPart.CFrame = CFrame.new(79.116554260254, 51.030372619629, -1604.4157714844)
end)
local section1 = page:addSection("Cupter2")
section1:addButton("Go Cupter3", function()
game.Players.LocalPlayer.Character.HumanoidRootPart.CFrame = CFrame.new(235.38200378418, 98.06623840332, -584.76049804688)
end)

local section1 = page:addSection("Cupter3")
section1:addButton("END", function()
game.Players.LocalPlayer.Character.HumanoidRootPart.CFrame = CFrame.new(936.38623046875, 75.341339111328, -359.60229492188)
end)

local page = venyx:addPage("The Mimic3", 5012544693)
local section2 = page:addSection("Cupter1")
section2:addButton("Go Cupter2", function()
    game.Players.LocalPlayer.Character.HumanoidRootPart.CFrame = CFrame.new(2412.11719, -16.9219894, 2289.66382, -0.999878466, -0.00373874628, 0.0151367728, -8.09512812e-09, 0.970824599, 0.239790782, -0.015591668, 0.239761636, -0.970706582)
end)
local section2 = page:addSection("Cupter2")
section2:addButton("Go Cupter3", function()
    game.Players.LocalPlayer.Character.HumanoidRootPart.CFrame = CFrame.new(-300.057098, 92.7834473, -560.13562, -0.999849498, 0.00414789747, -0.0168461837, -6.59858523e-09, 0.970999479, 0.239081606, 0.0173493214, 0.239045635, -0.970853329)
end)
local section2 = page:addSection("Cupter3")
section2:addButton("END", function()
    game.Players.LocalPlayer.Character.HumanoidRootPart.CFrame = CFrame.new(430.996796, 17.3573856, -827.119751, 0.999883413, -3.41963897e-08, -0.0152705451, 3.53236871e-08, 1, 7.3551945e-08, 0.0152705451, -7.40827844e-08, 0.999883413)
end)

local page = venyx:addPage("The Mimic4", 5012544693)
local section3 = page:addSection("Cupter1")
section3:addButton("Key1", function()
    game.Players.LocalPlayer.Character.HumanoidRootPart.CFrame = CFrame.new(424.724365, 31.2290554, -837.828369, -0.967642128, -3.66234225e-08, -0.252326667, -4.96530781e-08, 1, 4.52706317e-08, 0.252326667, 5.63345637e-08, -0.967642128)
end)
section3:addButton("Key2", function()
game.Players.LocalPlayer.Character.HumanoidRootPart.CFrame = CFrame.new(500.63189697266, 17, -830.14385986328)
end)
section3:addButton("Key3", function()
game.Players.LocalPlayer.Character.HumanoidRootPart.CFrame = CFrame.new(374.23315429688, 5.0346546173096, -851.81982421875)
end)
section3:addButton("Crowba", function()
game.Players.LocalPlayer.Character.HumanoidRootPart.CFrame = CFrame.new(445.60446166992, 5.0327949523926, -829.07366943359)
end)
section3:addButton("Go Cupter2", function()
    game.Players.LocalPlayer.Character.HumanoidRootPart.CFrame = CFrame.new(104.526688, -48.3691826, -1414.50183, -0.0945669413, 1.15171723e-07, -0.995518506, 2.92826634e-08, 1, 1.12908545e-07, 0.995518506, -1.8474017e-08, -0.0945669413)
end)
local section3 = page:addSection("Cupter2")
section3:addButton("Door1", function()
    game.Players.LocalPlayer.Character.HumanoidRootPart.CFrame = CFrame.new(642.361267, 3.0999999, 130.605255, 0.130271316, -9.1150298e-08, -0.991478384, 1.66205929e-08, 1, -8.97499248e-08, 0.991478384, -4.78711737e-09, 0.130271316)
end)
section3:addButton("Door2", function()
    game.Players.LocalPlayer.Character.HumanoidRootPart.CFrame = CFrame.new(986.40008544922, 3.0499999523163, 115.51850128174)
end)
section3:addButton("TP All ButterFly", function() 
    for i,v in pairs(game:GetService("Workspace").Butterflies:GetDescendants()) do
        if v.ClassName == "ProximityPrompt" then
            game.Players.LocalPlayer.Character.HumanoidRootPart.CFrame = v.Parent.CFrame 
            wait(1)
            fireproximityprompt(v, 20)
        end
    end
end)
section3:addButton("Esp Scarary", function() 
local gui = Instance.new("BillboardGui")
local esp = Instance.new("TextLabel")
gui.Name = "gui"
gui.ZIndexBehavior = Enum.ZIndexBehavior.Sibling
gui.Active = true
gui.AlwaysOnTop = true
gui.LightInfluence = 5.000
gui.MaxDistance = 11111111533265000.000
gui.Size = UDim2.new(0, 91, 0, 124)

esp.Name = "esp"
esp.Parent = gui
esp.BackgroundColor3 = Color3.fromRGB(38, 255, 0)
esp.BackgroundTransparency = 0.750
esp.BorderSizePixel = 0
esp.Position = UDim2.new(0.0864583105, 0, 0.123126365, 0)
esp.Size = UDim2.new(0, 82, 0, 108)
esp.Font = Enum.Font.DenkOne
esp.Text = "Ghost"
esp.TextColor3 = Color3.fromRGB(255, 255, 255)
esp.TextScaled = true
esp.TextSize = 5.000
esp.TextStrokeTransparency = 0.000
esp.TextWrapped = true
for i,v in pairs(game:GetService("Workspace").GameAI:GetChildren()) do
    if v.Name == "Scarar" then
gui:Clone().Parent = v.HumanoidRootPart
end
end
end)
section3:addToggle("Esp Toggle", true, function(value)
    if value then
    for i,v in pairs(game:GetService("Workspace").GameAI:GetDescendants()) do
    if v.Name == "gui" then
v.Enabled = false
end
end
else
    for i,v in pairs(game:GetService("Workspace").GameAI:GetDescendants()) do
    if v.Name == "gui" then
v.Enabled = true
end
end
end
end)

local section3 = page:addSection("Cupter3")
section3:addButton("Door", function()
game.Players.LocalPlayer.Character.HumanoidRootPart.CFrame = CFrame.new(731.20483398438, 16.319274902344, 1389.7673339844)
end)
section3:addButton("AutoGet Itemn", function()
for i,v in pairs(game:GetService("Workspace").GameInfo.PuzzleItems:GetDescendants()) do
        if v.ClassName == "ProximityPrompt" then
            game.Players.LocalPlayer.Character.HumanoidRootPart.CFrame = v.Parent.CFrame 
            wait(1)
            fireproximityprompt(v, 20)
        end
end
end)
section3:addToggle("AutoBrun", false, function(value)
_G.autobrun = value;
while _G.autobrun == true do
 for i,v in pairs(game:GetService("Workspace").Well.Burner:GetDescendants()) do
     game.Players.LocalPlayer.Character.HumanoidRootPart.CFrame = CFrame.new(691.67742919922, 24.998910903931, 2252.4592285156)
             if v.ClassName == "ProximityPrompt" then
            wait(1)
            fireproximityprompt(v, 20)
end
end
end
end)

section3:addButton("Esp Scarar", function()
local gui = Instance.new("BillboardGui")
local esp = Instance.new("TextLabel")
gui.Name = "gui"
gui.ZIndexBehavior = Enum.ZIndexBehavior.Sibling
gui.Active = true
gui.AlwaysOnTop = true
gui.LightInfluence = 5.000
gui.MaxDistance = 11111111533265000.000
gui.Size = UDim2.new(0, 91, 0, 124)

esp.Name = "esp"
esp.Parent = gui
esp.BackgroundColor3 = Color3.fromRGB(38, 255, 0)
esp.BackgroundTransparency = 0.750
esp.BorderSizePixel = 0
esp.Position = UDim2.new(0.0864583105, 0, 0.123126365, 0)
esp.Size = UDim2.new(0, 82, 0, 108)
esp.Font = Enum.Font.DenkOne
esp.Text = "Ghost"
esp.TextColor3 = Color3.fromRGB(255, 255, 255)
esp.TextScaled = true
esp.TextSize = 5.000
esp.TextStrokeTransparency = 0.000
esp.TextWrapped = true
for i,v in pairs(game:GetService("Workspace").GameAI:GetChildren()) do
    if v.Name == "Scarar" then
gui:Clone().Parent = v.HumanoidRootPart
end
end
end)
section3:addToggle("Esp Toggle", true, function(value)
    if value then
    for i,v in pairs(game:GetService("Workspace").GameAI:GetDescendants()) do
    if v.Name == "gui" then
v.Enabled = false
end
end
else
    for i,v in pairs(game:GetService("Workspace").GameAI:GetDescendants()) do
    if v.Name == "gui" then
v.Enabled = true
end
end
end
end)

local section3 = page:addSection("Cupter4")
section3:addButton("Door", function()
    game.Players.LocalPlayer.Character.HumanoidRootPart.CFrame = CFrame.new(1770.92578, 99.28759, 1626.69934, 0.199969575, -3.86027068e-08, -0.979802072, -1.57782125e-08, 1, -4.26186837e-08, 0.979802072, 2.39819649e-08, 0.199969575)
end)
section3:addButton("ESP SAMA", function()
local gui = Instance.new("BillboardGui")
local esp = Instance.new("TextLabel")
gui.Name = "gui"
gui.ZIndexBehavior = Enum.ZIndexBehavior.Sibling
gui.Active = true
gui.AlwaysOnTop = true
gui.LightInfluence = 5.000
gui.MaxDistance = 11111111533265000.000
gui.Size = UDim2.new(0, 91, 0, 124)

esp.Name = "esp"
esp.Parent = gui
esp.BackgroundColor3 = Color3.fromRGB(38, 255, 0)
esp.BackgroundTransparency = 0.750
esp.BorderSizePixel = 0
esp.Position = UDim2.new(0.0864583105, 0, 0.123126365, 0)
esp.Size = UDim2.new(0, 82, 0, 108)
esp.Font = Enum.Font.DenkOne
esp.Text = "Ghost"
esp.TextColor3 = Color3.fromRGB(255, 255, 255)
esp.TextScaled = true
esp.TextSize = 5.000
esp.TextStrokeTransparency = 0.000
esp.TextWrapped = true
for i,v in pairs(game:GetService("Workspace").GameAI:GetChildren()) do
    if v.Name == "Sama" then
gui:Clone().Parent = v.HumanoidRootPart
end
end
end)
section3:addToggle("Esp Toggle", true, function(value)
    if value then
    for i,v in pairs(game:GetService("Workspace").GameAI:GetDescendants()) do
    if v.Name == "gui" then
v.Enabled = false
end
end
else
    for i,v in pairs(game:GetService("Workspace").GameAI:GetDescendants()) do
    if v.Name == "gui" then
v.Enabled = true
end
end
end
end)
section3:addButton("ESP Haert", function()
local gui = Instance.new("BillboardGui")
local esp = Instance.new("TextLabel")

--Properties:

gui.Name = "gui2"
gui.ZIndexBehavior = Enum.ZIndexBehavior.Sibling
gui.Active = true
gui.AlwaysOnTop = true
gui.LightInfluence = 5.000
gui.MaxDistance = 11111111533265000.000
gui.Size = UDim2.new(0, 91, 0, 124)

esp.Name = "esp"
esp.Parent = gui
esp.BackgroundColor3 = Color3.fromRGB(38, 255, 0)
esp.BackgroundTransparency = 0.750
esp.BorderSizePixel = 0
esp.Position = UDim2.new(0.0864583105, 0, 0.123126365, 0)
esp.Size = UDim2.new(0, 82, 0, 108)
esp.Font = Enum.Font.DenkOne
esp.Text = "Heart"
esp.TextColor3 = Color3.fromRGB(255, 255, 255)
esp.TextScaled = true
esp.TextSize = 5.000
esp.TextStrokeTransparency = 0.000
esp.TextWrapped = true
for i,v in pairs(game:GetService("Workspace").GameHearts:GetChildren()) do
    if v.Name == "Heart" then
gui:Clone().Parent = v.Root
end
end
end)
section3:addToggle("Esp Toggle", true, function(value)
    if value then
for i,v in pairs(game:GetService("Workspace").GameHearts:GetDescendants()) do
    if v.Name == "gui2" then
v.Enabled = false
end
end
else
for i,v in pairs(game:GetService("Workspace").GameHearts:GetDescendants()) do
    if v.Name == "gui2" then
v.Enabled = true
end
end
end
end)

section3:addButton("Safe Heart1", function()
    game.Players.LocalPlayer.Character.HumanoidRootPart.CFrame = CFrame.new(2592.6189, 132.890808, 2138.60059, -0.0171040632, 1.3844164e-08, -0.99985373, 7.68277744e-08, 1, 1.25319302e-08, 0.99985373, -7.66021913e-08, -0.0171040632)
end)
section3:addButton("Safe Heart2", function()
    game.Players.LocalPlayer.Character.HumanoidRootPart.CFrame = CFrame.new(2894.354, 133.191437, 2102.09595, 0.915494919, -3.77900422e-09, -0.402329504, -4.58783722e-09, 1, -1.98323651e-08, 0.402329504, 2.00022523e-08, 0.915494919)
end)
section3:addButton("Safe Heart3", function()
    game.Players.LocalPlayer.Character.HumanoidRootPart.CFrame = CFrame.new(2552.1604, 132.379791, 2447.16846, 0.0339537524, -5.36721991e-08, -0.999423385, 3.5796166e-08, 1, -5.24870494e-08, 0.999423385, -3.39933912e-08, 0.0339537524)
end)
section3:addButton("Safe Heart4", function()
    game.Players.LocalPlayer.Character.HumanoidRootPart.CFrame = CFrame.new(2868.32031, 115.705009, 2423.08203, 0.399922132, 6.13752889e-08, 0.916549146, -6.9105397e-08, 1, -3.68103663e-08, -0.916549146, -4.86172098e-08, 0.399922132)
end)
section3:addButton("Safe Heart5", function()
    game.Players.LocalPlayer.Character.HumanoidRootPart.CFrame = CFrame.new(3232.85742, 132.567108, 2145.88501, -0.376705527, 6.25537453e-08, 0.92633307, 2.19767244e-08, 1, -5.85912296e-08, -0.92633307, -1.71387315e-09, -0.376705527)
end)
section3:addButton("Safe Heart6", function()
    game.Players.LocalPlayer.Character.HumanoidRootPart.CFrame = CFrame.new(3194.33496, 132.508484, 2000.20703, 0.888941407, 1.20045343e-08, -0.458020896, -1.14718839e-08, 1, 3.94458155e-09, 0.458020896, 1.74786075e-09, 0.888941407)
end)
section3:addButton("Safe Heart7", function()
    game.Players.LocalPlayer.Character.HumanoidRootPart.CFrame = CFrame.new(3125.16797, 132.570984, 2430.61206, 0.86452198, -3.23906448e-08, -0.502594948, 3.33294281e-08, 1, -7.11631198e-09, 0.502594948, -1.05989937e-08, 0.86452198)
end)

local page = venyx:addPage("Death's Challenge", 5012544693)
local section4 = page:addSection("Use In Themimic1")
section4:addButton("Bathroom", function()
    game.Players.LocalPlayer.Character.HumanoidRootPart.CFrame = CFrame.new(834.189453, 3.32980299, 192.393112, -0.999578834, -2.02367882e-08, 0.0290205553, -2.03587547e-08, 1, -3.90730115e-09, -0.0290205553, -4.49647786e-09, -0.999578834)
end)
local section4 = page:addSection("Death' Challenge")
section4:addButton("Auto Soul", function()
 for i,v in pairs(game:GetService("Workspace").GameAI.Souls:GetDescendants()) do
             if v.ClassName == "ProximityPrompt" then
            game.Players.LocalPlayer.Character.HumanoidRootPart.CFrame = v.Parent.CFrame
            wait(1)
            fireproximityprompt(v, 20)
end
end
end)
section4:addButton("ESP AI", function()
local gui = Instance.new("BillboardGui")
local esp = Instance.new("TextLabel")
gui.Name = "gui"
gui.ZIndexBehavior = Enum.ZIndexBehavior.Sibling
gui.Active = true
gui.AlwaysOnTop = true
gui.LightInfluence = 5.000
gui.MaxDistance = 11111111533265000.000
gui.Size = UDim2.new(0, 91, 0, 124)

esp.Name = "esp"
esp.Parent = gui
esp.BackgroundColor3 = Color3.fromRGB(38, 255, 0)
esp.BackgroundTransparency = 0.750
esp.BorderSizePixel = 0
esp.Position = UDim2.new(0.0864583105, 0, 0.123126365, 0)
esp.Size = UDim2.new(0, 82, 0, 108)
esp.Font = Enum.Font.DenkOne
esp.Text = "Ghost"
esp.TextColor3 = Color3.fromRGB(255, 255, 255)
esp.TextScaled = true
esp.TextSize = 5.000
esp.TextStrokeTransparency = 0.000
esp.TextWrapped = true
for i,v in pairs(game:GetService("Workspace").GameAI:GetChildren()) do
    if v.Name == "AI" then
gui:Clone().Parent = v.HumanoidRootPart
end
end
end)
section4:addToggle("Esp Toggle", true, function(value)
    if value then
for i,v in pairs(game:GetService("Workspace").GameAI.AI:GetDescendants()) do
    if v.Name == "gui" then
v.Enabled = false
end
end
else
for i,v in pairs(game:GetService("Workspace").GameAI.AI:GetDescendants()) do
    if v.Name == "gui" then
v.Enabled = true
end
end
end
end)
section4:addButton("Auto Soul2", function()
    for i,v in pairs(game:GetService("Workspace").GameAI.Souls2:GetDescendants()) do
                if v.ClassName == "ProximityPrompt" then
               game.Players.LocalPlayer.Character.HumanoidRootPart.CFrame = v.Parent.CFrame
               wait(1)
               fireproximityprompt(v, 20)
   end
   end
end)
section4:addToggle("Open With Auto Collcet", false, function(value)
 _G.c = value;
while _G.c do wait()
 for i,v in pairs(game:GetService("Workspace").GameAI.AIB:GetDescendants()) do
             if v.Name == "ProximityPrompt" then
            fireproximityprompt(v, 20)
end
end
end
end)
section4:addToggle("Auto Collcet 2", false, function(value)
_G.tpback = value;
end)
section4:addButton("Auto AcceptQuset", function()
game.Players.LocalPlayer.Character.HumanoidRootPart.CFrame = CFrame.new(622.61462402344, 17.0625, 162.57788085938)
end)
   section4:addButton("ESP AI", function()
    local gui = Instance.new("BillboardGui")
    local esp = Instance.new("TextLabel")
    gui.Name = "gui2"
    gui.ZIndexBehavior = Enum.ZIndexBehavior.Sibling
    gui.Active = true
    gui.AlwaysOnTop = true
    gui.LightInfluence = 5.000
    gui.MaxDistance = 11111111533265000.000
    gui.Size = UDim2.new(0, 91, 0, 124)
    
    esp.Name = "esp"
    esp.Parent = gui
    esp.BackgroundColor3 = Color3.fromRGB(38, 255, 0)
    esp.BackgroundTransparency = 0.750
    esp.BorderSizePixel = 0
    esp.Position = UDim2.new(0.0864583105, 0, 0.123126365, 0)
    esp.Size = UDim2.new(0, 82, 0, 108)
    esp.Font = Enum.Font.DenkOne
    esp.Text = "necklace"
    esp.TextColor3 = Color3.fromRGB(255, 255, 255)
    esp.TextScaled = true
    esp.TextSize = 5.000
    esp.TextStrokeTransparency = 0.000
    esp.TextWrapped = true
    for i,v in pairs(game:GetService("Workspace").GameAI:GetChildren()) do
        if v.Name == "AIB" then
    gui:Clone().Parent = v.HumanoidRootPart
    end
    end
    end)
    section4:addToggle("Esp Toggle", true, function(value)
        if value then
    for i,v in pairs(game:GetService("Workspace").GameAI.AI:GetDescendants()) do
        if v.Name == "gui2" then
    v.Enabled = false
    end
    end
    else
    for i,v in pairs(game:GetService("Workspace").GameAI.AI:GetDescendants()) do
        if v.Name == "gui2" then
    v.Enabled = true
    end
    end
    end
    end)
local section4 = page:addSection("Safe")
section4:addButton("Safe", function()
    game.Players.LocalPlayer.Character.HumanoidRootPart.CFrame = CFrame.new(597.989197, 21.8091736, 613.695496, -0.978078604, 2.58155577e-08, 0.208235919, 1.17933077e-08, 1, -6.85797872e-08, -0.208235919, -6.4620636e-08, -0.978078604)
end)
section4:addButton("Safe2", function()
    game.Players.LocalPlayer.Character.HumanoidRootPart.CFrame = CFrame.new(936.462585, 21.5788918, 598.383545, 0.415446728, -6.36859809e-08, 0.909617484, -3.85227956e-08, 1, 8.76084201e-08, -0.909617484, -7.14376398e-08, 0.415446728)
end)
section4:addButton("Safe3", function()
game.Players.LocalPlayer.Character.HumanoidRootPart.CFrame = CFrame.new(654.3759765625, 11.855473518372, 700.90618896484)
end)
section4:addButton("Safe4", function()
    game.Players.LocalPlayer.Character.HumanoidRootPart.CFrame = CFrame.new(637.27948, 11.8365068, 910.18988, -0.995974958, 9.10779576e-08, 0.0896317661, 8.77774653e-08, 1, -4.07645082e-08, -0.0896317661, -3.27327818e-08, -0.995974958)
end)

local page = venyx:addPage("The Witch Trials", 5012544693)
local section5 = page:addSection("Cupter1")
section5:addButton("Goto Cupter2", function()
    game.Players.LocalPlayer.Character.HumanoidRootPart.CFrame = CFrame.new(2493.57349, 6.27424145, -1142.97852, 0.729168415, 3.80197882e-08, -0.684334397, -8.60288374e-09, 1, 4.63908307e-08, 0.684334397, -2.79394765e-08, 0.729168415)
end)
local section5 = page:addSection("Cupter2")
section5:addButton("Goto Cupter3", function()
    game.Players.LocalPlayer.Character.HumanoidRootPart.CFrame = CFrame.new(-465.480499, 18.9384251, -1455.39722, -0.0434584245, -1.22864165e-07, -0.999055207, -4.5843997e-08, 1, -1.20986158e-07, 0.999055207, 4.05428189e-08, -0.0434584245)
end)
local section5 = page:addSection("Cupter3")
section5:addButton("END", function()
    game.Players.LocalPlayer.Character.HumanoidRootPart.CFrame = CFrame.new(2516.39282, 7.0625, 642.287598, -0.0623173825, 7.45987538e-09, -0.998056948, -2.95410079e-08, 1, 9.31891364e-09, 0.998056948, 3.00643421e-08, -0.0623173825)
end)
local page = venyx:addPage("Halloween Trials", 5012544693)
local section6 = page:addSection("Cupter1")
section6:addButton("Key1", function()
game.Players.LocalPlayer.Character.HumanoidRootPart.CFrame = CFrame.new(-379.28405761719, -19.74308013916, -79.503677368164)
end)
section6:addToggle("box1AndRrun", false, function(value)
    if value then
game.Players.LocalPlayer.Character.HumanoidRootPart.CFrame = CFrame.new(-355.30157470703, -19.984708786011, -73.321601867676)
else
game.Players.LocalPlayer.Character.HumanoidRootPart.CFrame = CFrame.new(-354.52142333984, -19.927463531494, -155.62780761719)
end
end)
section6:addToggle("Key2AndBox2", false, function(value)
    if value then
game.Players.LocalPlayer.Character.HumanoidRootPart.CFrame = CFrame.new(-211.21653747559, -19.988220214844, -126.03825378418)
else
game.Players.LocalPlayer.Character.HumanoidRootPart.CFrame = CFrame.new(-353.12265014648, 0.80027508735657, -159.27151489258)
end
end)
section6:addToggle("Key3AndBox3", false, function(value)
    if value then
game.Players.LocalPlayer.Character.HumanoidRootPart.CFrame = CFrame.new(-488.41171264648, -19.98007774353, -196.84074401855)
else
game.Players.LocalPlayer.Character.HumanoidRootPart.CFrame = CFrame.new(-213.52651977539, -19.988220214844, -159.8162689209)
end
end)
section6:addButton("Brun", function()
    game.Players.LocalPlayer.Character.HumanoidRootPart.CFrame = CFrame.new(-354.76547241211, -19.889297485352, -170.49612426758)
end)
section6:addButton("ESP AI", function()
local gui = Instance.new("BillboardGui")
local esp = Instance.new("TextLabel")
gui.Name = "gui"
gui.ZIndexBehavior = Enum.ZIndexBehavior.Sibling
gui.Active = true
gui.AlwaysOnTop = true
gui.LightInfluence = 5.000
gui.MaxDistance = 11111111533265000.000
gui.Size = UDim2.new(0, 91, 0, 124)

esp.Name = "esp"
esp.Parent = gui
esp.BackgroundColor3 = Color3.fromRGB(38, 255, 0)
esp.BackgroundTransparency = 0.750
esp.BorderSizePixel = 0
esp.Position = UDim2.new(0.0864583105, 0, 0.123126365, 0)
esp.Size = UDim2.new(0, 82, 0, 108)
esp.Font = Enum.Font.DenkOne
esp.Text = "Ghost"
esp.TextColor3 = Color3.fromRGB(255, 255, 255)
esp.TextScaled = true
esp.TextSize = 5.000
esp.TextStrokeTransparency = 0.000
esp.TextWrapped = true
for i,v in pairs(game:GetService("Workspace").GameAI:GetChildren()) do
    if v.Name == "AI" then
gui:Clone().Parent = v.HumanoidRootPart
end
end
end)
section6:addToggle("Esp Toggle", false, function(value)
    if value then
for i,v in pairs(game:GetService("Workspace").GameAI.AI:GetDescendants()) do
    if v.Name == "gui" then
v.Enabled = false
end
end
else
for i,v in pairs(game:GetService("Workspace").GameAI.AI:GetDescendants()) do
    if v.Name == "gui" then
v.Enabled = true
end
end
end
end)

local section6 = page:addSection("Cupter2")
section6:addToggle("Auto Candle", false, function(value)
 _G.autoCandle = value;
while _G.autoCandle do wait()
    pcall(function()
     for i,v in pairs(game:GetService("Workspace").GameInfo.Models:GetDescendants()) do
             if v.ClassName == "ProximityPrompt" then
            game.Players.LocalPlayer.Character.HumanoidRootPart.CFrame = v.Parent.CFrame 
            wait(1)
            fireproximityprompt(v, 20)
end
end
end)
end
end)
section6:addButton("ESP AI", function()
local gui = Instance.new("BillboardGui")
local esp = Instance.new("TextLabel")
gui.Name = "gui"
gui.ZIndexBehavior = Enum.ZIndexBehavior.Sibling
gui.Active = true
gui.AlwaysOnTop = true
gui.LightInfluence = 5.000
gui.MaxDistance = 11111111533265000.000
gui.Size = UDim2.new(0, 91, 0, 124)

esp.Name = "esp"
esp.Parent = gui
esp.BackgroundColor3 = Color3.fromRGB(38, 255, 0)
esp.BackgroundTransparency = 0.750
esp.BorderSizePixel = 0
esp.Position = UDim2.new(0.0864583105, 0, 0.123126365, 0)
esp.Size = UDim2.new(0, 82, 0, 108)
esp.Font = Enum.Font.DenkOne
esp.Text = "Ghost"
esp.TextColor3 = Color3.fromRGB(255, 255, 255)
esp.TextScaled = true
esp.TextSize = 5.000
esp.TextStrokeTransparency = 0.000
esp.TextWrapped = true
for i,v in pairs(game:GetService("Workspace").GameAI:GetChildren()) do
    if v.Name == "AI" then
gui:Clone().Parent = v.HumanoidRootPart
end
end
end)
section6:addToggle("Esp Toggle", false, function(value)
    if value then
for i,v in pairs(game:GetService("Workspace").GameAI.AI:GetDescendants()) do
    if v.Name == "gui" then
v.Enabled = false
end
end
else
for i,v in pairs(game:GetService("Workspace").GameAI.AI:GetDescendants()) do
    if v.Name == "gui" then
v.Enabled = true
end
end
end
end)

local section6 = page:addSection("Cupter3")
section6:addButton("Safe", function()
    game.Players.LocalPlayer.Character.HumanoidRootPart.CFrame = CFrame.new(595.17193603516, 16.929412841797, -165.98559570313)
end)
section6:addToggle("Auto Pumkin", false, function(value)
    _G.AutoPumkin = value;
    while _G.AutoPumkin do wait()
        pcall(function()
 for i,v in pairs(game:GetService("Workspace").GameInfo.Pumpkins:GetDescendants()) do
             if v.ClassName == "ProximityPrompt" then
            game.Players.LocalPlayer.Character.HumanoidRootPart.CFrame = v.Parent.CFrame
            wait(1)
            fireproximityprompt(v, 20)
end
end
end)
end
end)
section6:addButton("ESP AI", function()
local gui = Instance.new("BillboardGui")
local esp = Instance.new("TextLabel")
gui.Name = "gui"
gui.ZIndexBehavior = Enum.ZIndexBehavior.Sibling
gui.Active = true
gui.AlwaysOnTop = true
gui.LightInfluence = 5.000
gui.MaxDistance = 11111111533265000.000
gui.Size = UDim2.new(0, 91, 0, 124)

esp.Name = "esp"
esp.Parent = gui
esp.BackgroundColor3 = Color3.fromRGB(38, 255, 0)
esp.BackgroundTransparency = 0.750
esp.BorderSizePixel = 0
esp.Position = UDim2.new(0.0864583105, 0, 0.123126365, 0)
esp.Size = UDim2.new(0, 82, 0, 108)
esp.Font = Enum.Font.DenkOne
esp.Text = "Ghost"
esp.TextColor3 = Color3.fromRGB(255, 255, 255)
esp.TextScaled = true
esp.TextSize = 5.000
esp.TextStrokeTransparency = 0.000
esp.TextWrapped = true
for i,v in pairs(game:GetService("Workspace").GameAI:GetChildren()) do
    if v.Name == "AI" then
gui:Clone().Parent = v.HumanoidRootPart
end
end
end)
section6:addToggle("Esp Toggle", true, function(value)
    if value then
for i,v in pairs(game:GetService("Workspace").GameAI.AI:GetDescendants()) do
    if v.Name == "gui" then
v.Enabled = false
end
end
else
for i,v in pairs(game:GetService("Workspace").GameAI.AI:GetDescendants()) do
    if v.Name == "gui" then
v.Enabled = true
end
end
end
end)

local theme = venyx:addPage("Misc", 5012544693)
local colors = theme:addSection("Keybind")
colors:addKeybind("Toggle Keybind", Enum.KeyCode.RightControl, function()
print("Activated Keybind")
venyx:toggle()
end, function()
print("Changed Keybind")
end)
local colors = theme:addSection("Colors")

for theme, color in pairs(themes) do -- all in one theme changer, i know, im cool
colors:addColorPicker(theme, color, function(color3)
venyx:setTheme(theme, color3)
end)
end
spawn(function()
    pcall(function()
        while wait() do
if _G.tpback == true then
 for i,v in pairs(game:GetService("Workspace").GameAI:GetDescendants()) do
             if v.Name == "AIB" then
            game.Players.LocalPlayer.Character.HumanoidRootPart.CFrame = v.HumanoidRootPart.CFrame * CFrame.new(0,0,10)
end
end
elseif _G.tpback == false then
 game.Players.LocalPlayer.Character.HumanoidRootPart.CFrame = CFrame.new(622.61462402344, 17.0625, 162.57788085938)
end
end
end)
end)
